Prepare:

R1: 1 0 1 0 0 1 1 1 0 1 0 0 0 1 0 1 0 1 0 0 1 0 1 1 1 0
R2: 0 0 1 0 0 0 1 0 0 1 0 1 0 0 1 0 1 0 0 1 0 1 0 0 1 0
R3: 1 0 1 1 1 1 0 1 1 0 1 0 1 1 1 0 1 0 1 1 0 1 0 1 0 1
IR: MOV R1, -10
PS: +
PC: 0
TC: 1

Press Enter

Execute:

R1: 1 1 1 1 1 1 1 1 1 1 1 1 1 1 1 1 1 1 1 1 1 1 0 1 1 0
R2: 0 0 1 0 0 0 1 0 0 1 0 1 0 0 1 0 1 0 0 1 0 1 0 0 1 0
R3: 1 0 1 1 1 1 0 1 1 0 1 0 1 1 1 0 1 0 1 1 0 1 0 1 0 1
IR: MOV R1, -10
PS: -
PC: 1
TC: 2

Press EnterPrepare:

R1: 1 1 1 1 1 1 1 1 1 1 1 1 1 1 1 1 1 1 1 1 1 1 0 1 1 0
R2: 0 0 1 0 0 0 1 0 0 1 0 1 0 0 1 0 1 0 0 1 0 1 0 0 1 0
R3: 1 0 1 1 1 1 0 1 1 0 1 0 1 1 1 0 1 0 1 1 0 1 0 1 0 1
IR: MOV R2, R1
PS: -
PC: 1
TC: 3

Press Enter
Execute:

R1: 1 1 1 1 1 1 1 1 1 1 1 1 1 1 1 1 1 1 1 1 1 1 0 1 1 0
R2: 1 1 1 1 1 1 1 1 1 1 1 1 1 1 1 1 1 1 1 1 1 1 0 1 1 0
R3: 1 0 1 1 1 1 0 1 1 0 1 0 1 1 1 0 1 0 1 1 0 1 0 1 0 1
IR: MOV R2, R1
PS: -
PC: 2
TC: 4

Press Enter
Prepare:

R1: 1 1 1 1 1 1 1 1 1 1 1 1 1 1 1 1 1 1 1 1 1 1 0 1 1 0
R2: 1 1 1 1 1 1 1 1 1 1 1 1 1 1 1 1 1 1 1 1 1 1 0 1 1 0
R3: 1 0 1 1 1 1 0 1 1 0 1 0 1 1 1 0 1 0 1 1 0 1 0 1 0 1
IR: MOV R3, 5
PS: -
PC: 2
TC: 5

Press Enter
Execute:

R1: 1 1 1 1 1 1 1 1 1 1 1 1 1 1 1 1 1 1 1 1 1 1 0 1 1 0
R2: 1 1 1 1 1 1 1 1 1 1 1 1 1 1 1 1 1 1 1 1 1 1 0 1 1 0
R3: 0 0 0 0 0 0 0 0 0 0 0 0 0 0 0 0 0 0 0 0 0 0 0 1 0 1
IR: MOV R3, 5
PS: +
PC: 3
TC: 6

Press Enter
Prepare:

R1: 1 1 1 1 1 1 1 1 1 1 1 1 1 1 1 1 1 1 1 1 1 1 0 1 1 0
R2: 1 1 1 1 1 1 1 1 1 1 1 1 1 1 1 1 1 1 1 1 1 1 0 1 1 0
R3: 0 0 0 0 0 0 0 0 0 0 0 0 0 0 0 0 0 0 0 0 0 0 0 1 0 1
IR: OR R3, R1, 7
PS: +
PC: 3
TC: 7

Press Enter
Execute:

R1: 1 1 1 1 1 1 1 1 1 1 1 1 1 1 1 1 1 1 1 1 1 1 0 1 1 0
R2: 1 1 1 1 1 1 1 1 1 1 1 1 1 1 1 1 1 1 1 1 1 1 0 1 1 0
R3: 1 1 1 1 1 1 1 1 1 1 1 1 1 1 1 1 1 1 1 1 1 1 0 1 1 1
IR: OR R3, R1, 7
PS: -
PC: 4
TC: 8

Press Enter
Prepare:

R1: 1 1 1 1 1 1 1 1 1 1 1 1 1 1 1 1 1 1 1 1 1 1 0 1 1 0
R2: 1 1 1 1 1 1 1 1 1 1 1 1 1 1 1 1 1 1 1 1 1 1 0 1 1 0
R3: 1 1 1 1 1 1 1 1 1 1 1 1 1 1 1 1 1 1 1 1 1 1 0 1 1 1
IR: OR R3, R1, R2
PS: -
PC: 4
TC: 9

Press Enter
Execute:

R1: 1 1 1 1 1 1 1 1 1 1 1 1 1 1 1 1 1 1 1 1 1 1 0 1 1 0
R2: 1 1 1 1 1 1 1 1 1 1 1 1 1 1 1 1 1 1 1 1 1 1 0 1 1 0
R3: 1 1 1 1 1 1 1 1 1 1 1 1 1 1 1 1 1 1 1 1 1 1 0 1 1 0
IR: OR R3, R1, R2
PS: -
PC: 5
TC: 10

Press Enter
Prepare:

R1: 1 1 1 1 1 1 1 1 1 1 1 1 1 1 1 1 1 1 1 1 1 1 0 1 1 0
R2: 1 1 1 1 1 1 1 1 1 1 1 1 1 1 1 1 1 1 1 1 1 1 0 1 1 0
R3: 1 1 1 1 1 1 1 1 1 1 1 1 1 1 1 1 1 1 1 1 1 1 0 1 1 0
IR: OR R3, 5, R2
PS: -
PC: 5
TC: 11

Press Enter
Execute:

R1: 1 1 1 1 1 1 1 1 1 1 1 1 1 1 1 1 1 1 1 1 1 1 0 1 1 0
R2: 1 1 1 1 1 1 1 1 1 1 1 1 1 1 1 1 1 1 1 1 1 1 0 1 1 0
R3: 1 1 1 1 1 1 1 1 1 1 1 1 1 1 1 1 1 1 1 1 1 1 0 1 1 1
IR: OR R3, 5, R2
PS: -
PC: 6
TC: 12

Press Enter
Prepare:

R1: 1 1 1 1 1 1 1 1 1 1 1 1 1 1 1 1 1 1 1 1 1 1 0 1 1 0
R2: 1 1 1 1 1 1 1 1 1 1 1 1 1 1 1 1 1 1 1 1 1 1 0 1 1 0
R3: 1 1 1 1 1 1 1 1 1 1 1 1 1 1 1 1 1 1 1 1 1 1 0 1 1 1
IR: OR R3, 3, 10
PS: -
PC: 6
TC: 13

Press Enter
Execute:

R1: 1 1 1 1 1 1 1 1 1 1 1 1 1 1 1 1 1 1 1 1 1 1 0 1 1 0
R2: 1 1 1 1 1 1 1 1 1 1 1 1 1 1 1 1 1 1 1 1 1 1 0 1 1 0
R3: 0 0 0 0 0 0 0 0 0 0 0 0 0 0 0 0 0 0 0 0 0 0 1 0 1 1
IR: OR R3, 3, 10
PS: +
PC: 7
TC: 14

Press Enter

